0 2 0 0 0 0 0 0 0 0 0 0 0 0 0 0 0 0 0 0 0 0 0 0 0 0 0 0
0 1 1 1 1 1 1 1 1 1 1 1 0 V 0 1 1 1 1 1 1 1 1 1 1 1 1 0
0 1 0 0 0 0 1 0 0 0 0 0 0 0 0 1 0 0 0 0 0 1 0 0 0 0 1 0
0 1 0 V V 0 1 1 1 1 1 1 1 0 0 1 0 V V V 0 0 0 V V 0 0 0
0 1 0 0 0 0 0 0 0 0 0 0 0 0 0 1 0 0 0 0 0 0 0 0 0 0 0 0
0 1 1 1 1 1 1 0 0 1 1 1 1 1 1 1 1 1 1 0 5 1 1 1 1 1 1 0
0 1 0 0 0 0 1 0 0 1 0 0 0 0 0 0 0 0 1 0 0 1 0 0 0 0 1 0
0 1 1 1 1 1 1 0 0 1 0 0 0 0 0 0 0 0 1 0 0 1 1 1 1 1 1 0
0 0 0 0 0 0 1 0 0 1 1 1 1 0 0 1 1 1 1 0 0 1 0 0 0 0 0 0
0 0 0 0 0 0 1 0 0 0 0 0 1 0 0 1 0 0 0 0 0 1 0 0 0 0 0 0 0 0 0 0 0 0 0
V V V V V 0 1 0 0 0 0 0 1 0 0 1 0 V V V 0 1 0 V V V V V V 0 1 1 1 1 0
V V 0 0 0 0 1 0 0 1 1 1 1 1 1 1 0 V V V 0 1 0 V V V V V V 0 1 0 0 1 3
V V 0 1 0 0 1 0 0 1 0 0 0 0 0 0 0 V V V 0 1 0 0 0 0 0 0 0 0 1 0 0 1 0 
V V 0 1 0 0 1 0 0 1 0 V V V V V V 0 0 0 0 1 0 0 5 1 1 1 1 1 1 0 0 1 0 
0 0 0 1 0 0 1 1 1 1 0 V V V V V V 0 1 1 1 1 0 0 0 0 1 0 0 0 1 0 0 1 0
0 0 1 1 1 1 1 0 0 1 0 0 0 0 0 0 0 0 1 0 0 0 0 V V 0 1 0 0 0 1 0 0 1 0
0 0 0 0 0 0 1 0 0 1 1 1 1 1 1 1 1 1 1 0 V V V V V 0 1 1 1 1 1 1 1 1 0
V V V V V 0 1 0 0 1 0 0 0 0 0 0 0 0 0 0 V V V V V 0 0 0 0 0 0 0 0 0 0
V V V V V 0 1 0 0 1 0 0 0 0 0 0 0 0 0 0 V V V V V 0 
0 0 0 0 0 0 1 0 0 1 0 0 0 0
0 1 1 1 1 1 1 1 1 1 1 1 1 0
0 1 0 0 0 0 1 0 0 0 0 0 1 0
0 1 0 0 0 0 1 0 0 0 0 0 1 0 V V V 0 0 0 0 0 0 0 0 0 0 0
0 1 1 1 0 0 1 0 0 1 1 1 1 0 V V V 0 1 1 1 1 0 0 1 H 0 0
0 0 0 1 0 0 1 0 0 1 0 0 0 0 V V V 0 1 0 0 1 0 0 1 0 0 0
0 0 0 1 0 0 1 0 0 1 0 0 0 0 0 0 0 0 1 0 0 1 0 0 1 0 0 0
0 1 1 1 1 1 1 0 0 1 1 1 1 0 0 1 1 1 1 0 0 1 1 1 1 1 1 0
0 1 0 0 0 0 0 0 0 0 0 0 1 0 0 1 0 0 0 0 0 0 0 0 0 0 1 0
0 1 0 0 0 0 0 0 0 0 0 0 1 0 0 1 0 0 0 0 0 0 0 0 0 0 1 0
0 1 1 1 1 1 1 1 1 1 1 1 1 1 1 1 1 1 1 1 1 1 1 1 1 1 1 0
0 0 0 0 0 0 0 0 0 0 0 0 0 0 0 0 0 0 0 0 0 0 0 0 0 0 0 0